<?xml version="1.0" encoding="utf-8"?>
<COLLADA xmlns="http://www.collada.org/2005/11/COLLADASchema" version="1.4.1">
  <asset><contributor><author>Mixamo</author><authoring_tool>COLLADA Mixamo exporter</authoring_tool><comments></comments></contributor><created>2020-06-02T15:23:13Z</created><modified>2020-06-02T15:23:13Z</modified><revision></revision><title></title><unit meter="0.010000"/><up_axis>Y_UP</up_axis></asset>
  <library_animations>
    <animation id="mixamorig1_Hips-anim" name="mixamorig1_Hips"><source id="mixamorig1_Hips-Matrix-animation-input"><float_array id="mixamorig1_Hips-Matrix-animation-input-array" count="461">

0.000000 0.033333 0.066667 0.100000 0.133333 0.166667 0.200000 0.233333 0.266667 0.300000 0.333333 0.366667 0.400000 0.433333 0.466667 0.500000
0.533333 0.566667 0.600000 0.633333 0.666667 0.700000 0.733333 0.766667 0.800000 0.833333 0.866667 0.900000 0.933333 0.966667 1.000000 1.033333
1.066667 1.100000 1.133333 1.166667 1.200000 1.233333 1.266667 1.300000 1.333333 1.366667 1.400000 1.433333 1.466667 1.500000 1.533333 1.566667
1.600000 1.633333 1.666667 1.700000 1.733333 1.766667 1.800000 1.833333 1.866667 1.900000 1.933333 1.966667 2.000000 2.033333 2.066667 2.100000
2.133333 2.166667 2.200000 2.233333 2.266667 2.300000 2.333333 2.366667 2.400000 2.433333 2.466667 2.500000 2.533333 2.566667 2.600000 2.633333
2.666667 2.700000 2.733333 2.766667 2.800000 2.833333 2.866667 2.900000 2.933333 2.966667 3.000000 3.033333 3.066667 3.100000 3.133333 3.166667
3.200000 3.233333 3.266667 3.300000 3.333333 3.366667 3.400000 3.433333 3.466667 3.500000 3.533333 3.566667 3.600000 3.633333 3.666667 3.700000
3.733333 3.766667 3.800000 3.833333 3.866667 3.900000 3.933333 3.966667 4.000000 4.033333 4.066667 4.100000 4.133333 4.166667 4.200000 4.233333
4.266667 4.300000 4.333333 4.366667 4.400000 4.433333 4.466667 4.500000 4.533333 4.566667 4.600000 4.633333 4.666667 4.700000 4.733333 4.766667
4.800000 4.833333 4.866667 4.900000 4.933333 4.966667 5.000000 5.033333 5.066667 5.100000 5.133333 5.166667 5.200000 5.233333 5.266667 5.300000
5.333333 5.366667 5.400000 5.433333 5.466667 5.500000 5.533333 5.566667 5.600000 5.633333 5.666667 5.700000 5.733333 5.766667 5.800000 5.833333
5.866667 5.900000 5.933333 5.966667 6.000000 6.033333 6.066667 6.100000 6.133333 6.166667 6.200000 6.233333 6.266667 6.300000 6.333333 6.366667
6.400000 6.433333 6.466667 6.500000 6.533333 6.566667 6.600000 6.633333 6.666667 6.700000 6.733333 6.766667 6.800000 6.833333 6.866667 6.900000
6.933333 6.966667 7.000000 7.033333 7.066667 7.100000 7.133333 7.166667 7.200000 7.233333 7.266667 7.300000 7.333333 7.366667 7.400000 7.433333
7.466667 7.500000 7.533333 7.566667 7.600000 7.633333 7.666667 7.700000 7.733333 7.766667 7.800000 7.833333 7.866667 7.900000 7.933333 7.966667
8.000000 8.033333 8.066667 8.100000 8.133333 8.166667 8.200000 8.233333 8.266667 8.300000 8.333333 8.366667 8.400000 8.433333 8.466667 8.500000
8.533333 8.566667 8.600000 8.633333 8.666667 8.700000 8.733333 8.766667 8.800000 8.833333 8.866667 8.900000 8.933333 8.966667 9.000000 9.033333
9.066667 9.100000 9.133333 9.166667 9.200000 9.233333 9.266667 9.300000 9.333333 9.366667 9.400000 9.433333 9.466667 9.500000 9.533333 9.566667
9.600000 9.633333 9.666667 9.700000 9.733333 9.766667 9.800000 9.833333 9.866667 9.900000 9.933333 9.966667 10.000000 10.033333 10.066667 10.100000
10.133333 10.166667 10.200000 10.233333 10.266667 10.300000 10.333333 10.366667 10.400000 10.433333 10.466667 10.500000 10.533333 10.566667 10.600000 10.633333
10.666667 10.700000 10.733333 10.766667 10.800000 10.833333 10.866667 10.900000 10.933333 10.966667 11.000000 11.033333 11.066667 11.100000 11.133333 11.166667
11.200000 11.233333 11.266667 11.300000 11.333333 11.366667 11.400000 11.433333 11.466667 11.500000 11.533333 11.566667 11.600000 11.633333 11.666667 11.700000
11.733333 11.766667 11.800000 11.833333 11.866667 11.900000 11.933333 11.966667 12.000000 12.033333 12.066667 12.100000 12.133333 12.166667 12.200000 12.233333
12.266667 12.300000 12.333333 12.366667 12.400000 12.433333 12.466667 12.500000 12.533333 12.566667 12.600000 12.633333 12.666667 12.700000 12.733333 12.766667
12.800000 12.833333 12.866667 12.900000 12.933333 12.966667 13.000000 13.033333 13.066667 13.100000 13.133333 13.166667 13.200000 13.233333 13.266667 13.300000
13.333333 13.366667 13.400000 13.433333 13.466667 13.500000 13.533333 13.566667 13.600000 13.633333 13.666667 13.700000 13.733333 13.766667 13.800000 13.833333
13.866667 13.900000 13.933333 13.966667 14.000000 14.033333 14.066667 14.100000 14.133333 14.166667 14.200000 14.233333 14.266667 14.300000 14.333333 14.366667
14.400000 14.433333 14.466667 14.500000 14.533333 14.566667 14.600000 14.633333 14.666667 14.700000 14.733333 14.766667 14.800000 14.833333 14.866667 14.900000
14.933333 14.966667 15.000000 15.033333 15.066667 15.100000 15.133333 15.166667 15.200000 15.233333 15.266667 15.300000 15.333333</float_array><technique_common><accessor source="#mixamorig1_Hips-Matrix-animation-input-array" count="461"><param name="TIME" type="float"/></accessor></technique_common></source><source id="mixamorig1_Hips-Matrix-animation-output-transform"><float_array id="mixamorig1_Hips-Matrix-animation-output-transform-array" count="7376">

0.994207 0.040721 -0.099473 0.090605 -0.045331 0.997979 -0.044534 93.758263 0.097459 0.048785 0.994043 -0.047585 0.000000 0.000000 0.000000 1.000000
0.994394 0.042597 -0.096775 0.239814 -0.046856 0.998011 -0.042178 93.776062 0.094785 0.046476 0.994412 0.058418 0.000000 0.000000 0.000000 1.000000
0.994838 0.042344 -0.092215 0.394874 -0.046165 0.998144 -0.039707 93.755081 0.090363 0.043759 0.994947 0.179994 0.000000 0.000000 0.000000 1.000000
0.995298 0.038317 -0.088964 0.555000 -0.041760 0.998436 -0.037172 93.690193 0.087400 0.040712 0.995341 0.320901 0.000000 0.000000 0.000000 1.000000
0.995007 0.032949 -0.094207 0.745458 -0.035832 0.998935 -0.029069 93.568016 0.093149 0.032300 0.995128 0.480619 0.000000 0.000000 0.000000 1.000000
0.994129 0.029055 -0.104225 0.938653 -0.030455 0.999466 -0.011864 93.365997 0.103825 0.014968 0.994483 0.603284 0.000000 0.000000 0.000000 1.000000
0.993290 0.027168 -0.112411 1.076452 -0.025575 0.999551 0.015592 93.039078 0.112784 -0.012612 0.993539 0.608431 0.000000 0.000000 0.000000 1.000000
0.993344 0.026150 -0.112181 1.098094 -0.020723 0.998570 0.049276 92.568329 0.113310 -0.046623 0.992465 0.436464 0.000000 0.000000 0.000000 1.000000
0.994413 0.024448 -0.102688 0.994441 -0.015836 0.996352 0.083856 91.978935 0.104364 -0.081762 0.991173 0.101798 0.000000 0.000000 0.000000 1.000000
0.995489 0.021932 -0.092304 0.817029 -0.011283 0.993377 0.114341 91.373405 0.094200 -0.112784 0.989144 -0.293593 0.000000 0.000000 0.000000 1.000000
0.996182 0.021402 -0.084633 0.672040 -0.009757 0.990704 0.135688 90.959900 0.086750 -0.134344 0.987130 -0.641883 0.000000 0.000000 0.000000 1.000000
0.996841 0.021593 -0.076431 0.595482 -0.010502 0.989718 0.142648 90.964233 0.078725 -0.141395 0.986818 -0.890203 0.000000 0.000000 0.000000 1.000000
0.997707 0.018855 -0.065005 0.585669 -0.010085 0.991106 0.132689 91.493050 0.066929 -0.131729 0.989024 -1.000423 0.000000 0.000000 0.000000 1.000000
0.998545 0.013442 -0.052231 0.621907 -0.007788 0.994231 0.106980 92.448189 0.053368 -0.106418 0.992888 -0.918732 0.000000 0.000000 0.000000 1.000000
0.998987 0.009872 -0.043908 0.703864 -0.006693 0.997385 0.071963 93.312607 0.044504 -0.071597 0.996440 -0.697930 0.000000 0.000000 0.000000 1.000000
0.998848 0.010967 -0.046718 0.819910 -0.009157 0.999206 0.038766 93.739403 0.047106 -0.038294 0.998156 -0.567125 0.000000 0.000000 0.000000 1.000000
0.997947 0.014656 -0.062340 0.933348 -0.013612 0.999760 0.017137 93.836128 0.062577 -0.016253 0.997908 -0.711381 0.000000 0.000000 0.000000 1.000000
0.996409 0.017907 -0.082751 1.005242 -0.017226 0.999812 0.008929 93.848351 0.082895 -0.007472 0.996530 -1.054815 0.000000 0.000000 0.000000 1.000000
0.995175 0.019877 -0.096078 1.046555 -0.019073 0.999775 0.009282 93.841339 0.096241 -0.007404 0.995331 -1.369109 0.000000 0.000000 0.000000 1.000000
0.995040 0.021217 -0.097190 1.081819 -0.019864 0.999692 0.014873 93.808739 0.097475 -0.012869 0.995155 -1.500658 0.000000 0.000000 0.000000 1.000000
0.995737 0.022677 -0.089407 1.119597 -0.020259 0.999407 0.027860 93.718620 0.089985 -0.025930 0.995605 -1.451063 0.000000 0.000000 0.000000 1.000000
0.996532 0.024433 -0.079547 1.158004 -0.020432 0.998503 0.050728 93.518768 0.080667 -0.048927 0.995540 -1.313226 0.000000 0.000000 0.000000 1.000000
0.996945 0.026533 -0.073467 1.193784 -0.020664 0.996619 0.079519 93.176559 0.075329 -0.077758 0.994122 -1.173330 0.000000 0.000000 0.000000 1.000000
0.996840 0.029259 -0.073846 1.233511 -0.021427 0.994272 0.104710 92.713409 0.076486 -0.102797 0.991757 -1.053409 0.000000 0.000000 0.000000 1.000000
0.996212 0.032556 -0.080632 1.289466 -0.022676 0.992448 0.120552 92.197052 0.083948 -0.118267 0.989427 -0.939112 0.000000 0.000000 0.000000 1.000000
0.995122 0.035875 -0.091901 1.344440 -0.023720 0.991219 0.130088 91.751205 0.095761 -0.127273 0.987234 -0.845563 0.000000 0.000000 0.000000 1.000000
0.993850 0.038352 -0.103884 1.387458 -0.023735 0.990085 0.138448 91.463966 0.108164 -0.135130 0.984906 -0.797243 0.000000 0.000000 0.000000 1.000000
0.992924 0.038729 -0.112262 1.422605 -0.022086 0.989058 0.145866 91.426636 0.116683 -0.142354 0.982914 -0.752661 0.000000 0.000000 0.000000 1.000000
0.992849 0.035922 -0.113841 1.449169 -0.018880 0.988900 0.147381 91.741371 0.117872 -0.144177 0.982507 -0.626213 0.000000 0.000000 0.000000 1.000000
0.993830 0.031129 -0.106454 1.440872 -0.016683 0.990842 0.133995 92.443169 0.109650 -0.131392 0.985248 -0.386263 0.000000 0.000000 0.000000 1.000000
0.995488 0.028522 -0.090496 1.394557 -0.019513 0.994904 0.098918 93.224327 0.092856 -0.096706 0.990972 -0.144887 0.000000 0.000000 0.000000 1.000000
0.996902 0.031349 -0.072134 1.345235 -0.027833 0.998399 0.049247 93.662086 0.073563 -0.047086 0.996178 -0.167692 0.000000 0.000000 0.000000 1.000000
0.997458 0.038324 -0.060067 1.268696 -0.038109 0.999262 0.004722 93.683235 0.060204 -0.002421 0.998183 -0.671467 0.000000 0.000000 0.000000 1.000000
0.997397 0.044600 -0.056661 1.159656 -0.045838 0.998734 -0.020736 93.633171 0.055664 0.023279 0.998178 -1.531930 0.000000 0.000000 0.000000 1.000000
0.997277 0.046899 -0.056910 1.011461 -0.048604 0.998398 -0.028951 93.635933 0.055461 0.031638 0.997959 -2.350589 0.000000 0.000000 0.000000 1.000000
0.997334 0.045486 -0.057058 0.862491 -0.047072 0.998533 -0.026761 93.698357 0.055757 0.029376 0.998012 -2.792682 0.000000 0.000000 0.000000 1.000000
0.997354 0.042293 -0.059122 0.729495 -0.043172 0.998974 -0.013671 93.765625 0.058484 0.016187 0.998157 -2.797388 0.000000 0.000000 0.000000 1.000000
0.996967 0.039802 -0.066870 0.569848 -0.038867 0.999128 0.015232 93.702881 0.067418 -0.012587 0.997645 -2.498866 0.000000 0.000000 0.000000 1.000000
0.996050 0.039924 -0.079317 0.322965 -0.035472 0.997757 0.056763 93.437302 0.081406 -0.053725 0.995232 -2.058875 0.000000 0.000000 0.000000 1.000000
0.995075 0.041200 -0.090161 -0.018184 -0.032385 0.994745 0.097127 92.943565 0.093689 -0.093729 0.991180 -1.572867 0.000000 0.000000 0.000000 1.000000
0.994679 0.040842 -0.094578 -0.419005 -0.028831 0.991732 0.125045 92.250122 0.098903 -0.121653 0.987633 -1.092386 0.000000 0.000000 0.000000 1.000000
0.994696 0.040259 -0.094654 -0.820283 -0.026673 0.989701 0.140646 91.461861 0.099342 -0.137375 0.985525 -0.692295 0.000000 0.000000 0.000000 1.000000
0.994349 0.043025 -0.097053 -1.190805 -0.028225 0.988433 0.149010 90.768158 0.102342 -0.145428 0.984061 -0.437132 0.000000 0.000000 0.000000 1.000000
0.993875 0.045715 -0.100616 -1.357047 -0.030109 0.988000 0.151491 90.507004 0.106334 -0.147534 0.983324 -0.364135 0.000000 0.000000 0.000000 1.000000
0.992575 0.050921 -0.110461 -1.654794 -0.033646 0.987660 0.152958 90.269112 0.116886 -0.148106 0.982040 -0.298323 0.000000 0.000000 0.000000 1.000000
0.991552 0.053377 -0.118215 -1.928839 -0.035304 0.988053 0.150015 90.483200 0.124810 -0.144574 0.981591 -0.278582 0.000000 0.000000 0.000000 1.000000
0.992034 0.052174 -0.114656 -2.149377 -0.035933 0.989583 0.139407 91.161903 0.120735 -0.134176 0.983575 -0.243668 0.000000 0.000000 0.000000 1.000000
0.994177 0.048823 -0.096068 -2.293140 -0.037476 0.992476 0.116563 92.127518 0.101036 -0.112284 0.988526 -0.108030 0.000000 0.000000 0.000000 1.000000
0.996529 0.044993 -0.070034 -2.329637 -0.039170 0.995828 0.082410 92.979889 0.073450 -0.079381 0.994135 0.125051 0.000000 0.000000 0.000000 1.000000
0.997775 0.041147 -0.052466 -2.201489 -0.038695 0.998149 0.046927 93.403610 0.054300 -0.044792 0.997520 0.279244 0.000000 0.000000 0.000000 1.000000
0.997670 0.037319 -0.057105 -1.914646 -0.036063 0.999088 0.022879 93.472969 0.057907 -0.020767 0.998106 0.175817 0.000000 0.000000 0.000000 1.000000
0.995775 0.035042 -0.084878 -1.549348 -0.033910 0.999316 0.014742 93.468475 0.085337 -0.011802 0.996282 -0.188883 0.000000 0.000000 0.000000 1.000000
0.991940 0.037219 -0.121120 -1.177917 -0.035794 0.999262 0.013921 93.488045 0.121549 -0.009473 0.992540 -0.662202 0.000000 0.000000 0.000000 1.000000
0.988150 0.041688 -0.147722 -0.857761 -0.040824 0.999127 0.008876 93.557182 0.147963 -0.002740 0.988989 -1.069067 0.000000 0.000000 0.000000 1.000000
0.986541 0.044792 -0.157258 -0.607040 -0.045299 0.998973 0.000363 93.627174 0.157113 0.006765 0.987557 -1.357295 0.000000 0.000000 0.000000 1.000000
0.987000 0.046990 -0.153700 -0.420380 -0.047630 0.998865 -0.000481 93.600182 0.153503 0.007795 0.988117 -1.591206 0.000000 0.000000 0.000000 1.000000
0.988276 0.051328 -0.143794 -0.291283 -0.050134 0.998671 0.011916 93.408241 0.144214 -0.004567 0.989536 -1.839601 0.000000 0.000000 0.000000 1.000000
0.989630 0.058643 -0.131128 -0.185897 -0.055100 0.998015 0.030489 92.987473 0.132655 -0.022948 0.990897 -2.113957 0.000000 0.000000 0.000000 1.000000
0.990669 0.066672 -0.118867 -0.048348 -0.061623 0.997054 0.045663 92.373413 0.121561 -0.037912 0.991860 -2.362565 0.000000 0.000000 0.000000 1.000000
0.991009 0.072379 -0.112531 0.164678 -0.066368 0.996207 0.056281 91.702141 0.116178 -0.048306 0.992053 -2.520771 0.000000 0.000000 0.000000 1.000000
0.990752 0.072967 -0.114392 0.471895 -0.065732 0.995666 0.065797 91.137703 0.118697 -0.057670 0.991254 -2.551574 0.000000 0.000000 0.000000 1.000000
0.990727 0.066925 -0.118243 0.876616 -0.058324 0.995494 0.074768 90.866089 0.122714 -0.067178 0.990166 -2.428029 0.000000 0.000000 0.000000 1.000000
0.991928 0.053684 -0.114878 1.388125 -0.044433 0.995672 0.081629 91.009071 0.118763 -0.075866 0.990020 -2.122912 0.000000 0.000000 0.000000 1.000000
0.994118 0.033664 -0.102942 1.974020 -0.024961 0.996094 0.084696 91.590767 0.105391 -0.081628 0.991075 -1.630152 0.000000 0.000000 0.000000 1.000000
0.995757 0.011042 -0.091352 2.591920 -0.003549 0.996644 0.081777 92.371819 0.091948 -0.081106 0.992455 -1.017101 0.000000 0.000000 0.000000 1.000000
0.996040 -0.006824 -0.088643 3.180581 0.013215 0.997338 0.071711 93.058151 0.087917 -0.072599 0.993479 -0.453779 0.000000 0.000000 0.000000 1.000000
0.995690 -0.014705 -0.091572 3.698081 0.019915 0.998219 0.056241 93.395226 0.090582 -0.057822 0.994209 -0.151706 0.000000 0.000000 0.000000 1.000000
0.996180 -0.013923 -0.086211 4.055736 0.017360 0.999079 0.039252 93.454285 0.085585 -0.040598 0.995503 -0.229740 0.000000 0.000000 0.000000 1.000000
0.998133 -0.011030 -0.060078 4.217102 0.012413 0.999665 0.022691 93.399879 0.059808 -0.023394 0.997936 -0.673607 0.000000 0.000000 0.000000 1.000000
0.999855 -0.010820 -0.013159 4.182334 0.010847 0.999939 0.001960 93.346306 0.013137 -0.002102 0.999911 -1.315574 0.000000 0.000000 0.000000 1.000000
0.998980 -0.009525 0.044147 3.912484 0.010795 0.999532 -0.028615 93.350815 -0.043853 0.029062 0.998615 -1.883476 0.000000 0.000000 0.000000 1.000000
0.994588 0.000230 0.103894 3.354800 0.006494 0.997904 -0.064381 93.377930 -0.103691 0.064708 0.992502 -2.180270 0.000000 0.000000 0.000000 1.000000
0.985056 0.017186 0.171374 2.577283 -0.001164 0.995651 -0.093158 93.344582 -0.172230 0.091566 0.980792 -2.148898 0.000000 0.000000 0.000000 1.000000
0.964022 0.032989 0.263768 1.801357 -0.004205 0.994038 -0.108954 93.247139 -0.265790 0.103925 0.958413 -1.800428 0.000000 0.000000 0.000000 1.000000
0.917921 0.043587 0.394362 1.193153 0.001480 0.993564 -0.113259 93.070824 -0.396760 0.104546 0.911949 -1.152832 0.000000 0.000000 0.000000 1.000000
0.829477 0.050540 0.556249 0.751260 0.008842 0.994585 -0.103552 92.750122 -0.558470 0.090812 0.824539 -0.216669 0.000000 0.000000 0.000000 1.000000
0.691072 0.049168 0.721112 0.334550 0.005614 0.997288 -0.073378 92.134109 -0.722764 0.054758 0.688922 0.941466 0.000000 0.000000 0.000000 1.000000
0.516019 0.026266 0.856174 -0.117627 -0.007672 0.999631 -0.026044 91.234818 -0.856543 0.006871 0.516030 2.164800 0.000000 0.000000 0.000000 1.000000
0.329468 -0.015406 0.944041 -0.364824 -0.015001 0.999655 0.021549 90.388779 -0.944047 -0.021262 0.329124 3.268373 0.000000 0.000000 0.000000 1.000000
0.151403 -0.049699 0.987222 -0.100380 -0.004808 0.998686 0.051013 89.800461 -0.988460 -0.012470 0.150966 4.139413 0.000000 0.000000 0.000000 1.000000
-0.005355 -0.054158 0.998518 0.460591 0.013326 0.998440 0.054225 89.439262 -0.999897 0.013596 -0.004625 4.690876 0.000000 0.000000 0.000000 1.000000
-0.129296 -0.033080 0.991054 0.989316 0.019835 0.999157 0.035939 89.423584 -0.991408 0.024304 -0.128531 5.051969 0.000000 0.000000 0.000000 1.000000
-0.210519 -0.007215 0.977563 1.306570 0.007566 0.999931 0.009009 89.659027 -0.977560 0.009293 -0.210450 5.312295 0.000000 0.000000 0.000000 1.000000
-0.249015 0.009840 0.968450 1.465258 -0.015397 0.999782 -0.014117 90.104736 -0.968377 -0.018426 -0.248809 5.459403 0.000000 0.000000 0.000000 1.000000
-0.260270 0.016110 0.965402 1.393244 -0.037672 0.998930 -0.026825 90.563515 -0.964801 -0.043350 -0.259384 5.564813 0.000000 0.000000 0.000000 1.000000
-0.267014 0.013974 0.963591 1.025559 -0.052857 0.998177 -0.029122 90.802322 -0.962242 -0.058709 -0.265789 5.752639 0.000000 0.000000 0.000000 1.000000
-0.283554 0.008315 0.958920 0.527919 -0.060184 0.997837 -0.026449 90.841400 -0.957066 -0.065211 -0.282441 6.074310 0.000000 0.000000 0.000000 1.000000
-0.308400 0.005356 0.951242 0.159442 -0.061270 0.997796 -0.025483 90.828049 -0.949282 -0.066142 -0.307392 6.490814 0.000000 0.000000 0.000000 1.000000
-0.329618 0.006770 0.944090 0.014691 -0.057772 0.997956 -0.027327 90.802895 -0.942345 -0.063549 -0.328553 6.905931 0.000000 0.000000 0.000000 1.000000
-0.334937 0.007261 0.942212 -0.040005 -0.051159 0.998355 -0.025880 90.693863 -0.940851 -0.056871 -0.334015 7.228137 0.000000 0.000000 0.000000 1.000000
-0.319108 0.000555 0.947718 -0.149307 -0.043029 0.998960 -0.015073 90.455940 -0.946741 -0.045589 -0.318753 7.408100 0.000000 0.000000 0.000000 1.000000
-0.285744 -0.013400 0.958212 -0.308861 -0.034028 0.999414 0.003829 90.141754 -0.957702 -0.031511 -0.286032 7.466599 0.000000 0.000000 0.000000 1.000000
-0.244867 -0.028438 0.969139 -0.467673 -0.022824 0.999462 0.023561 89.833908 -0.969288 -0.016350 -0.245385 7.508287 0.000000 0.000000 0.000000 1.000000
-0.208141 -0.038364 0.977346 -0.659674 -0.008687 0.999264 0.037374 89.548843 -0.978060 -0.000712 -0.208321 7.639290 0.000000 0.000000 0.000000 1.000000
-0.184307 -0.040878 0.982018 -0.911070 0.005329 0.999078 0.042589 89.289146 -0.982854 0.013083 -0.183919 7.855992 0.000000 0.000000 0.000000 1.000000
-0.177395 -0.036741 0.983454 -1.142769 0.014061 0.999106 0.039862 89.130104 -0.984039 0.020899 -0.176720 8.079192 0.000000 0.000000 0.000000 1.000000
-0.186566 -0.027935 0.982045 -1.282899 0.013601 0.999426 0.031013 89.135109 -0.982348 0.019142 -0.186079 8.244967 0.000000 0.000000 0.000000 1.000000
-0.204024 -0.015903 0.978837 -1.256995 0.002828 0.999854 0.016833 89.317749 -0.978962 0.006202 -0.203949 8.342813 0.000000 0.000000 0.000000 1.000000
-0.213488 0.000461 0.976946 -0.889005 -0.015185 0.999878 -0.003790 89.677658 -0.976828 -0.015644 -0.213455 8.388592 0.000000 0.000000 0.000000 1.000000
-0.196684 0.022961 0.980198 -0.170447 -0.034012 0.998964 -0.030226 90.138977 -0.979877 -0.039283 -0.195699 8.349383 0.000000 0.000000 0.000000 1.000000
-0.144732 0.047594 0.988326 0.387709 -0.047535 0.997355 -0.054990 90.361725 -0.988328 -0.054939 -0.142087 8.169704 0.000000 0.000000 0.000000 1.000000
-0.069167 0.062752 0.995629 0.897522 -0.055719 0.996219 -0.066660 90.434685 -0.996048 -0.060087 -0.065409 7.885575 0.000000 0.000000 0.000000 1.000000
0.003783 0.062271 0.998052 1.448383 -0.062634 0.996114 -0.061913 90.476440 -0.998029 -0.062278 0.007669 7.586200 0.000000 0.000000 0.000000 1.000000
0.051982 0.053229 0.997228 2.278599 -0.070159 0.996306 -0.049523 90.572891 -0.996181 -0.067390 0.055524 7.349463 0.000000 0.000000 0.000000 1.000000
0.072659 0.041402 0.996497 3.664926 -0.071786 0.996764 -0.036179 90.918098 -0.994770 -0.068906 0.075396 7.198755 0.000000 0.000000 0.000000 1.000000
0.080138 0.020026 0.996583 5.357862 -0.063525 0.997868 -0.014944 91.458450 -0.994757 -0.062110 0.081240 7.039291 0.000000 0.000000 0.000000 1.000000
0.094795 -0.023898 0.995210 6.849238 -0.041077 0.998767 0.027896 91.652870 -0.994649 -0.043524 0.093696 6.847888 0.000000 0.000000 0.000000 1.000000
0.122456 -0.090920 0.988301 7.922256 -0.017570 0.995440 0.093754 91.603821 -0.992318 -0.028845 0.120300 6.651548 0.000000 0.000000 0.000000 1.000000
0.154902 -0.162654 0.974448 8.612121 -0.009003 0.986080 0.166026 91.901062 -0.987889 -0.034491 0.151282 6.426084 0.000000 0.000000 0.000000 1.000000
0.182593 -0.221541 0.957904 8.547380 -0.016555 0.973452 0.228293 91.999878 -0.983049 -0.057543 0.174078 6.274886 0.000000 0.000000 0.000000 1.000000
0.203008 -0.266601 0.942185 8.120847 -0.035491 0.959585 0.279171 91.673828 -0.978534 -0.090113 0.185341 6.153172 0.000000 0.000000 0.000000 1.000000
0.221110 -0.305764 0.926077 8.083088 -0.055992 0.944034 0.325061 90.909950 -0.973640 -0.123727 0.191615 6.055995 0.000000 0.000000 0.000000 1.000000
0.243625 -0.338054 0.909047 9.134028 -0.077479 0.927509 0.365684 90.156136 -0.966770 -0.159522 0.199772 5.957541 0.000000 0.000000 0.000000 1.000000
0.273732 -0.352033 0.895066 10.222562 -0.102560 0.914621 0.391089 90.261154 -0.956322 -0.198851 0.214257 5.734563 0.000000 0.000000 0.000000 1.000000
0.310721 -0.340067 0.887585 10.037324 -0.127746 0.910394 0.393527 91.293411 -0.941877 -0.235663 0.239436 5.308011 0.000000 0.000000 0.000000 1.000000
0.351770 -0.310836 0.882972 9.886379 -0.144251 0.913991 0.379225 92.429695 -0.924905 -0.260769 0.276676 4.885169 0.000000 0.000000 0.000000 1.000000
0.394669 -0.283576 0.873969 10.382624 -0.148386 0.919025 0.365204 93.334656 -0.906762 -0.273819 0.320632 4.558780 0.000000 0.000000 0.000000 1.000000
0.434308 -0.269035 0.859649 10.983952 -0.145559 0.920851 0.361727 93.936234 -0.888926 -0.282230 0.360773 4.259176 0.000000 0.000000 0.000000 1.000000
0.464188 -0.261971 0.846109 11.087248 -0.143603 0.920363 0.363744 94.251572 -0.874018 -0.290350 0.389602 3.965020 0.000000 0.000000 0.000000 1.000000
0.482374 -0.255136 0.837986 10.878217 -0.142916 0.920902 0.362649 94.355103 -0.864228 -0.294694 0.407756 3.775367 0.000000 0.000000 0.000000 1.000000
0.490981 -0.248314 0.835032 10.720947 -0.137780 0.924320 0.355878 94.268837 -0.860206 -0.289780 0.419610 3.764166 0.000000 0.000000 0.000000 1.000000
0.494720 -0.243477 0.834249 10.699159 -0.125018 0.930029 0.345568 94.025780 -0.860013 -0.275255 0.429665 3.863563 0.000000 0.000000 0.000000 1.000000
0.499688 -0.239744 0.832367 10.680893 -0.107909 0.936220 0.334437 93.732559 -0.859458 -0.256934 0.441947 3.937829 0.000000 0.000000 0.000000 1.000000
0.508514 -0.235145 0.828324 10.626972 -0.092506 0.941501 0.324064 93.506218 -0.856070 -0.241416 0.457014 3.923652 0.000000 0.000000 0.000000 1.000000
0.517019 -0.231200 0.824159 10.533862 -0.081856 0.945065 0.316468 93.312325 -0.852051 -0.231082 0.469691 3.853905 0.000000 0.000000 0.000000 1.000000
0.519444 -0.232611 0.822234 10.392751 -0.075480 0.945984 0.315305 93.039223 -0.851164 -0.225845 0.473829 3.807835 0.000000 0.000000 0.000000 1.000000
0.515651 -0.242107 0.821881 10.174285 -0.072880 0.943376 0.323621 92.663864 -0.853694 -0.226774 0.468808 3.844089 0.000000 0.000000 0.000000 1.000000
0.510115 -0.258347 0.820390 9.928848 -0.073749 0.937174 0.340979 92.273857 -0.856939 -0.234441 0.459013 3.964819 0.000000 0.000000 0.000000 1.000000
0.505958 -0.278345 0.816413 9.710227 -0.074909 0.928747 0.363067 92.010292 -0.859299 -0.244854 0.449057 4.116097 0.000000 0.000000 0.000000 1.000000
0.503755 -0.299251 0.810358 9.526757 -0.071130 0.920526 0.384152 91.999939 -0.860913 -0.251160 0.442433 4.239825 0.000000 0.000000 0.000000 1.000000
0.505251 -0.316563 0.802813 9.398330 -0.060837 0.914908 0.399051 92.276649 -0.860825 -0.250462 0.442999 4.328591 0.000000 0.000000 0.000000 1.000000
0.513476 -0.323521 0.794780 9.314711 -0.049852 0.913395 0.404011 92.806732 -0.856654 -0.247071 0.452879 4.408700 0.000000 0.000000 0.000000 1.000000
0.527357 -0.316491 0.788497 8.969194 -0.047400 0.915628 0.399221 93.372482 -0.848321 -0.247907 0.467861 4.489230 0.000000 0.000000 0.000000 1.000000
0.540170 -0.299526 0.786448 7.798562 -0.056414 0.919527 0.388957 93.828468 -0.839663 -0.254470 0.479803 4.542133 0.000000 0.000000 0.000000 1.000000
0.548496 -0.279921 0.787906 6.000027 -0.068335 0.924140 0.375892 94.154945 -0.833356 -0.260017 0.487759 4.588716 0.000000 0.000000 0.000000 1.000000
0.559497 -0.259324 0.787219 4.962437 -0.069965 0.931626 0.356620 94.397522 -0.825874 -0.254606 0.503098 4.773556 0.000000 0.000000 0.000000 1.000000
0.583767 -0.234767 0.777239 5.048505 -0.056109 0.943330 0.327078 94.468536 -0.809980 -0.234547 0.537513 5.170698 0.000000 0.000000 0.000000 1.000000
0.624511 -0.206579 0.753201 5.278676 -0.033807 0.956331 0.290323 94.158585 -0.780284 -0.206774 0.590255 5.711629 0.000000 0.000000 0.000000 1.000000
0.676116 -0.176886 0.715247 4.314172 -0.016459 0.966886 0.254678 93.325386 -0.736611 -0.183964 0.650815 6.139967 0.000000 0.000000 0.000000 1.000000
0.729887 -0.143229 0.668394 2.035037 -0.012331 0.974884 0.222372 92.238678 -0.683457 -0.170548 0.709789 6.164092 0.000000 0.000000 0.000000 1.000000
0.778367 -0.096246 0.620388 -0.863814 -0.023307 0.983068 0.181754 91.667107 -0.627377 -0.155931 0.762945 5.643724 0.000000 0.000000 0.000000 1.000000
0.816272 -0.029033 0.576938 -3.889067 -0.048444 0.991778 0.118449 91.358994 -0.575633 -0.124636 0.808154 4.821218 0.000000 0.000000 0.000000 1.000000
0.841670 0.053378 0.537347 -7.200475 -0.084905 0.995806 0.034071 90.876030 -0.533275 -0.074300 0.842673 4.042999 0.000000 0.000000 0.000000 1.000000
0.855284 0.139199 0.499112 -11.129025 -0.129214 0.990106 -0.054713 89.896194 -0.501790 -0.017697 0.864808 3.405195 0.000000 0.000000 0.000000 1.000000
0.858664 0.218828 0.463477 -15.323939 -0.177479 0.975277 -0.131664 88.627800 -0.480830 0.030797 0.876273 2.786375 0.000000 0.000000 0.000000 1.000000
0.854729 0.287569 0.432138 -19.088833 -0.226239 0.955664 -0.188473 87.599426 -0.467177 0.063326 0.881893 2.160813 0.000000 0.000000 0.000000 1.000000
0.847752 0.346378 0.401670 -21.935812 -0.274645 0.934549 -0.226247 86.932739 -0.453747 0.081485 0.887397 1.656547 0.000000 0.000000 0.000000 1.000000
0.838979 0.405349 0.363051 -23.635405 -0.328374 0.909135 -0.256212 86.576752 -0.433917 0.095740 0.895851 1.311845 0.000000 0.000000 0.000000 1.000000
0.825706 0.472061 0.308816 -24.456209 -0.390758 0.873481 -0.290412 86.222061 -0.406838 0.119123 0.905700 1.100308 0.000000 0.000000 0.000000 1.000000
0.809422 0.534762 0.242623 -24.959747 -0.450814 0.830636 -0.326818 85.532135 -0.376302 0.155156 0.913413 0.966299 0.000000 0.000000 0.000000 1.000000
0.798650 0.574066 0.180572 -25.120737 -0.492297 0.795806 -0.352615 84.822319 -0.346125 0.192721 0.918181 0.755560 0.000000 0.000000 0.000000 1.000000
0.798100 0.586189 0.139351 -24.924000 -0.510000 0.780380 -0.361811 84.493645 -0.320836 0.217692 0.921778 0.394150 0.000000 0.000000 0.000000 1.000000
0.802981 0.582809 0.124723 -24.558821 -0.510167 0.780307 -0.361733 84.463531 -0.308143 0.226835 0.923901 0.001358 0.000000 0.000000 0.000000 1.000000
0.807829 0.574623 0.131226 -24.205290 -0.500601 0.786409 -0.361885 84.597031 -0.311145 0.226649 0.922940 -0.270789 0.000000 0.000000 0.000000 1.000000
0.812436 0.564108 0.147413 -23.984364 -0.486317 0.795096 -0.362378 84.828323 -0.321628 0.222719 0.920300 -0.376729 0.000000 0.000000 0.000000 1.000000
0.818357 0.550648 0.164556 -23.921331 -0.470558 0.806381 -0.358224 85.096687 -0.329950 0.215722 0.919020 -0.355263 0.000000 0.000000 0.000000 1.000000
0.824054 0.536156 0.182951 -23.971811 -0.455578 0.819134 -0.348524 85.330078 -0.336724 0.203854 0.919272 -0.255583 0.000000 0.000000 0.000000 1.000000
0.826256 0.524287 0.205970 -24.080067 -0.443622 0.830990 -0.335641 85.481178 -0.347131 0.185953 0.919196 -0.139031 0.000000 0.000000 0.000000 1.000000
0.824434 0.517082 0.230076 -24.194689 -0.437608 0.840209 -0.320232 85.485016 -0.358898 0.163327 0.918976 -0.058453 0.000000 0.000000 0.000000 1.000000
0.821698 0.514093 0.246010 -24.339870 -0.438938 0.846179 -0.302184 85.293625 -0.363519 0.140321 0.920958 -0.035784 0.000000 0.000000 0.000000 1.000000
0.820678 0.514594 0.248358 -24.497274 -0.445974 0.848595 -0.284593 85.036133 -0.357205 0.122798 0.925919 -0.051265 0.000000 0.000000 0.000000 1.000000
0.819617 0.519572 0.241397 -24.677958 -0.456173 0.846761 -0.273683 84.865456 -0.346604 0.114196 0.931034 -0.060150 0.000000 0.000000 0.000000 1.000000
0.813702 0.531528 0.235300 -24.886473 -0.468745 0.839390 -0.275142 84.872765 -0.343754 0.113588 0.932164 -0.047086 0.000000 0.000000 0.000000 1.000000
0.799955 0.551897 0.235547 -25.085491 -0.483961 0.825466 -0.290497 84.956139 -0.354760 0.118389 0.927432 -0.019939 0.000000 0.000000 0.000000 1.000000
0.781639 0.577016 0.236839 -25.203371 -0.500286 0.806754 -0.314423 84.862656 -0.372498 0.127278 0.919263 0.015473 0.000000 0.000000 0.000000 1.000000
0.767906 0.597157 0.231784 -25.155798 -0.513073 0.790030 -0.335571 84.618965 -0.383505 0.138764 0.913054 0.012920 0.000000 0.000000 0.000000 1.000000
0.766544 0.601228 0.225690 -24.983433 -0.514612 0.785311 -0.344181 84.470299 -0.384168 0.147687 0.911374 -0.112618 0.000000 0.000000 0.000000 1.000000
0.777259 0.584409 0.233099 -24.639500 -0.498089 0.797884 -0.339541 84.620300 -0.384417 0.147807 0.911250 -0.465454 0.000000 0.000000 0.000000 1.000000
0.794769 0.550238 0.256087 -23.941036 -0.463573 0.822712 -0.329006 85.121643 -0.391718 0.142769 0.908941 -1.067924 0.000000 0.000000 0.000000 1.000000
0.817294 0.506797 0.274202 -22.793631 -0.419749 0.849642 -0.319247 85.831543 -0.394767 0.145823 0.907135 -1.854963 0.000000 0.000000 0.000000 1.000000
0.848975 0.457024 0.265273 -21.214453 -0.373896 0.874266 -0.309614 86.698441 -0.373420 0.163670 0.913110 -2.759027 0.000000 0.000000 0.000000 1.000000
0.890233 0.394392 0.227905 -19.343748 -0.322902 0.899301 -0.294942 87.609886 -0.321278 0.188976 0.927938 -3.708659 0.000000 0.000000 0.000000 1.000000
0.933725 0.313234 0.173324 -17.246540 -0.259686 0.925905 -0.274342 88.470619 -0.246415 0.211150 0.945883 -4.596140 0.000000 0.000000 0.000000 1.000000
0.970420 0.217661 0.104443 -14.949249 -0.185448 0.949052 -0.254773 89.267578 -0.154576 0.227868 0.961344 -5.293812 0.000000 0.000000 0.000000 1.000000
0.992520 0.120678 0.018456 -12.573468 -0.112458 0.962610 -0.246446 90.010635 -0.047507 0.242527 0.968981 -5.717014 0.000000 0.000000 0.000000 1.000000
0.996368 0.036020 -0.077162 -10.373197 -0.054577 0.965679 -0.253939 90.550949 0.065367 0.257228 0.964137 -5.816692 0.000000 0.000000 0.000000 1.000000
0.984962 -0.034437 -0.169307 -8.456888 -0.012934 0.962487 -0.271019 90.793228 0.172289 0.269133 0.947568 -5.595732 0.000000 0.000000 0.000000 1.000000
0.961496 -0.102634 -0.254933 -6.863198 0.026056 0.957511 -0.287216 90.717361 0.273579 0.269514 0.923318 -5.024547 0.000000 0.000000 0.000000 1.000000
0.924746 -0.175387 -0.337763 -5.617992 0.071424 0.951693 -0.298629 90.335052 0.373822 0.252031 0.892601 -4.124259 0.000000 0.000000 0.000000 1.000000
0.876886 -0.243663 -0.414367 -4.724263 0.115311 0.943465 -0.310769 89.741226 0.466664 0.224728 0.855408 -3.090802 0.000000 0.000000 0.000000 1.000000
0.828027 -0.296112 -0.476119 -4.181721 0.142825 0.932550 -0.331590 89.124275 0.542192 0.206564 0.814468 -2.104186 0.000000 0.000000 0.000000 1.000000
0.786061 -0.332828 -0.520896 -4.042671 0.147293 0.919249 -0.365083 88.625626 0.600343 0.210253 0.771610 -1.200825 0.000000 0.000000 0.000000 1.000000
0.751550 -0.360939 -0.552174 -4.388430 0.131857 0.902339 -0.410364 88.305061 0.646364 0.235601 0.725745 -0.328480 0.000000 0.000000 0.000000 1.000000
0.723937 -0.385805 -0.571900 -5.104891 0.107100 0.881804 -0.459295 88.100014 0.681502 0.271250 0.679690 0.453946 0.000000 0.000000 0.000000 1.000000
0.703019 -0.406351 -0.583647 -5.873844 0.086471 0.863437 -0.496991 87.932991 0.705895 0.298925 0.642150 0.971026 0.000000 0.000000 0.000000 1.000000
0.684641 -0.419012 -0.596403 -6.574080 0.075903 0.854782 -0.513407 87.774780 0.724918 0.306230 0.617023 1.234207 0.000000 0.000000 0.000000 1.000000
0.661945 -0.424471 -0.617781 -7.226754 0.069957 0.855588 -0.512908 87.675598 0.746281 0.296299 0.596047 1.436639 0.000000 0.000000 0.000000 1.000000
0.632081 -0.427149 -0.646542 -7.814195 0.061451 0.859357 -0.507671 87.688240 0.772462 0.281158 0.569432 1.698470 0.000000 0.000000 0.000000 1.000000
0.599764 -0.430196 -0.674696 -8.274973 0.050854 0.861971 -0.504400 87.736084 0.798559 0.268210 0.538857 1.968585 0.000000 0.000000 0.000000 1.000000
0.573206 -0.431225 -0.696764 -8.528009 0.042121 0.864704 -0.500512 87.706100 0.818328 0.257548 0.513817 2.135763 0.000000 0.000000 0.000000 1.000000
0.557116 -0.424020 -0.714023 -8.522400 0.036001 0.871342 -0.489354 87.580269 0.829654 0.246921 0.500703 2.153660 0.000000 0.000000 0.000000 1.000000
0.550278 -0.404500 -0.730462 -8.316929 0.030416 0.883953 -0.466585 87.419579 0.834428 0.234533 0.498723 2.054272 0.000000 0.000000 0.000000 1.000000
0.548459 -0.373921 -0.747914 -8.126411 0.023439 0.900968 -0.433252 87.391388 0.835849 0.220091 0.502909 1.938152 0.000000 0.000000 0.000000 1.000000
0.548123 -0.336617 -0.765670 -7.900895 0.013591 0.918901 -0.394254 87.375977 0.836287 0.205694 0.508246 1.830306 0.000000 0.000000 0.000000 1.000000
0.547591 -0.297302 -0.782148 -7.652104 -0.000349 0.934668 -0.355521 87.306633 0.836746 0.194953 0.511712 1.771619 0.000000 0.000000 0.000000 1.000000
0.546407 -0.260947 -0.795831 -7.461346 -0.017709 0.946411 -0.322479 87.223061 0.837333 0.190298 0.512504 1.806597 0.000000 0.000000 0.000000 1.000000
0.543955 -0.232458 -0.806273 -7.351386 -0.034740 0.953799 -0.298429 87.214607 0.838395 0.190342 0.510748 1.941273 0.000000 0.000000 0.000000 1.000000
0.538082 -0.213719 -0.815348 -7.398654 -0.047447 0.958108 -0.282451 87.377052 0.841556 0.190668 0.505400 2.179413 0.000000 0.000000 0.000000 1.000000
0.526074 -0.201243 -0.826285 -7.657956 -0.056754 0.961125 -0.270217 87.666809 0.848543 0.189049 0.494201 2.512344 0.000000 0.000000 0.000000 1.000000
0.509045 -0.189225 -0.839683 -8.006211 -0.069354 0.963347 -0.259138 87.828056 0.857942 0.190148 0.477263 2.868912 0.000000 0.000000 0.000000 1.000000
0.493952 -0.175107 -0.851674 -8.554205 -0.091692 0.963559 -0.251291 87.879059 0.864641 0.202217 0.459896 3.198222 0.000000 0.000000 0.000000 1.000000
0.486544 -0.159739 -0.858928 -9.318841 -0.122191 0.961037 -0.247945 87.876160 0.865069 0.225589 0.448069 3.389625 0.000000 0.000000 0.000000 1.000000
0.482589 -0.144219 -0.863892 -10.206913 -0.149765 0.958235 -0.243630 87.764000 0.862948 0.246954 0.440835 3.353569 0.000000 0.000000 0.000000 1.000000
0.471950 -0.132840 -0.871560 -11.362294 -0.162116 0.958650 -0.233900 87.702065 0.866592 0.251683 0.430900 3.165753 0.000000 0.000000 0.000000 1.000000
0.451143 -0.134569 -0.882248 -12.994252 -0.154971 0.961736 -0.225939 88.003555 0.878894 0.238654 0.413026 2.935826 0.000000 0.000000 0.000000 1.000000
0.424410 -0.152498 -0.892536 -15.203004 -0.133787 0.964335 -0.228382 88.835945 0.895532 0.216337 0.388872 2.712718 0.000000 0.000000 0.000000 1.000000
0.393477 -0.175277 -0.902471 -17.517178 -0.108993 0.965840 -0.235105 89.758743 0.912851 0.190871 0.360932 2.443904 0.000000 0.000000 0.000000 1.000000
0.352241 -0.183922 -0.917660 -19.859379 -0.093044 0.968761 -0.229878 90.567024 0.931273 0.166356 0.324124 2.279306 0.000000 0.000000 0.000000 1.000000
0.292069 -0.169066 -0.941335 -21.934401 -0.091134 0.974853 -0.203361 91.003937 0.952045 0.145183 0.269317 2.279136 0.000000 0.000000 0.000000 1.000000
0.217046 -0.137921 -0.966369 -23.784163 -0.097757 0.981921 -0.162097 91.377518 0.971254 0.129652 0.199639 2.483120 0.000000 0.000000 0.000000 1.000000
0.146455 -0.104145 -0.983720 -25.279577 -0.106813 0.986964 -0.120390 91.800735 0.983434 0.122706 0.133422 2.793794 0.000000 0.000000 0.000000 1.000000
0.097291 -0.072720 -0.992596 -26.076469 -0.112528 0.990128 -0.083569 92.282700 0.988874 0.119825 0.088147 3.011644 0.000000 0.000000 0.000000 1.000000
0.072066 -0.039777 -0.996606 -26.092384 -0.112299 0.992527 -0.047734 92.428337 0.991058 0.115358 0.067060 3.108299 0.000000 0.000000 0.000000 1.000000
0.063737 -0.006013 -0.997949 -26.038971 -0.107445 0.994128 -0.012852 92.246849 0.992166 0.108044 0.062717 3.188067 0.000000 0.000000 0.000000 1.000000
0.065985 0.023305 -0.997548 -26.487787 -0.100959 0.994753 0.016561 91.812233 0.992700 0.099619 0.067992 3.318722 0.000000 0.000000 0.000000 1.000000
0.076756 0.047501 -0.995918 -27.098667 -0.098364 0.994352 0.039845 91.701767 0.992186 0.094904 0.080995 3.422875 0.000000 0.000000 0.000000 1.000000
0.097245 0.068934 -0.992870 -27.484909 -0.100861 0.993145 0.059074 92.129272 0.990137 0.094397 0.103531 3.411338 0.000000 0.000000 0.000000 1.000000
0.119052 0.086236 -0.989136 -28.111614 -0.110112 0.991223 0.073165 92.666771 0.986763 0.100205 0.127502 3.175098 0.000000 0.000000 0.000000 1.000000
0.130328 0.093482 -0.987054 -29.102465 -0.118703 0.989856 0.078074 93.041031 0.984339 0.106991 0.140103 2.712314 0.000000 0.000000 0.000000 1.000000
0.125333 0.089942 -0.988029 -29.881407 -0.117181 0.990253 0.075280 93.267517 0.985170 0.106343 0.134651 2.281616 0.000000 0.000000 0.000000 1.000000
0.109738 0.084752 -0.990341 -29.797045 -0.103165 0.991948 0.073458 93.494354 0.988592 0.094108 0.117598 2.075053 0.000000 0.000000 0.000000 1.000000
0.094911 0.085812 -0.991780 -29.484255 -0.084103 0.993407 0.077905 93.727707 0.991927 0.076017 0.101503 1.869386 0.000000 0.000000 0.000000 1.000000
0.092493 0.088718 -0.991753 -29.695211 -0.068403 0.994236 0.082561 93.930351 0.993361 0.060203 0.098028 1.581449 0.000000 0.000000 0.000000 1.000000
0.106570 0.082143 -0.990906 -30.359001 -0.064501 0.995054 0.075550 93.893570 0.992211 0.055863 0.111342 1.397453 0.000000 0.000000 0.000000 1.000000
0.137543 0.059835 -0.988687 -30.996256 -0.075296 0.995917 0.049798 93.314987 0.987630 0.067595 0.141487 1.375695 0.000000 0.000000 0.000000 1.000000
0.191477 0.027284 -0.981118 -31.115576 -0.090644 0.995833 0.010003 92.472481 0.977303 0.087017 0.193152 1.378249 0.000000 0.000000 0.000000 1.000000
0.280360 -0.002987 -0.959890 -30.717588 -0.093390 0.995166 -0.030373 91.748718 0.955341 0.098159 0.278726 1.270073 0.000000 0.000000 0.000000 1.000000
0.408189 -0.026544 -0.912512 -30.275476 -0.071227 0.995604 -0.060823 91.326439 0.910115 0.089823 0.404504 1.204942 0.000000 0.000000 0.000000 1.000000
0.557645 -0.051934 -0.828454 -29.723675 -0.024251 0.996596 -0.078798 91.000671 0.829726 0.064033 0.554487 1.545905 0.000000 0.000000 0.000000 1.000000
0.695885 -0.087955 -0.712747 -28.518700 0.039994 0.995678 -0.083821 90.552391 0.717039 0.029824 0.696395 2.194087 0.000000 0.000000 0.000000 1.000000
0.796402 -0.136601 -0.589138 -26.681654 0.114000 0.990602 -0.075581 90.096130 0.593926 -0.006969 0.804490 2.790269 0.000000 0.000000 0.000000 1.000000
